e <- 1
x <- 3
